    0.10000E-03    0.79767E+02
    0.10202E-03    0.81313E+02
    0.10408E-03    0.82889E+02
    0.10618E-03    0.84496E+02
    0.10833E-03    0.86134E+02
    0.11052E-03    0.87803E+02
    0.11275E-03    0.89505E+02
    0.11503E-03    0.91240E+02
    0.11735E-03    0.93008E+02
    0.11972E-03    0.94810E+02
    0.12214E-03    0.96648E+02
    0.12461E-03    0.98521E+02
    0.12712E-03    0.10043E+03
    0.12969E-03    0.10238E+03
    0.13231E-03    0.10436E+03
    0.13499E-03    0.10638E+03
    0.13771E-03    0.10844E+03
    0.14049E-03    0.11054E+03
    0.14333E-03    0.11269E+03
    0.14623E-03    0.11487E+03
    0.14918E-03    0.11709E+03
    0.15220E-03    0.11936E+03
    0.15527E-03    0.12168E+03
    0.15841E-03    0.12403E+03
    0.16161E-03    0.12644E+03
    0.16487E-03    0.12888E+03
    0.16820E-03    0.13138E+03
    0.17160E-03    0.13393E+03
    0.17507E-03    0.13652E+03
    0.17860E-03    0.13916E+03
    0.18221E-03    0.14186E+03
    0.18589E-03    0.14460E+03
    0.18965E-03    0.14740E+03
    0.19348E-03    0.15026E+03
    0.19739E-03    0.15317E+03
    0.20138E-03    0.15613E+03
    0.20544E-03    0.15915E+03
    0.20959E-03    0.16224E+03
    0.21383E-03    0.16538E+03
    0.21815E-03    0.16858E+03
    0.22255E-03    0.17184E+03
    0.22705E-03    0.17516E+03
    0.23164E-03    0.17855E+03
    0.23632E-03    0.18201E+03
    0.24109E-03    0.18553E+03
    0.24596E-03    0.18912E+03
    0.25093E-03    0.19277E+03
    0.25600E-03    0.19650E+03
    0.26117E-03    0.20030E+03
    0.26645E-03    0.20417E+03
    0.27183E-03    0.20812E+03
    0.27732E-03    0.21215E+03
    0.28292E-03    0.21625E+03
    0.28864E-03    0.22042E+03
    0.29447E-03    0.22468E+03
    0.30042E-03    0.22902E+03
    0.30649E-03    0.23345E+03
    0.31268E-03    0.23796E+03
    0.31899E-03    0.24255E+03
    0.32544E-03    0.24724E+03
    0.33201E-03    0.25201E+03
    0.33872E-03    0.25687E+03
    0.34556E-03    0.26183E+03
    0.35254E-03    0.26688E+03
    0.35966E-03    0.27203E+03
    0.36693E-03    0.27728E+03
    0.37434E-03    0.28262E+03
    0.38190E-03    0.28807E+03
    0.38962E-03    0.29362E+03
    0.39749E-03    0.29928E+03
    0.40552E-03    0.30504E+03
    0.41371E-03    0.31092E+03
    0.42207E-03    0.31690E+03
    0.43060E-03    0.32300E+03
    0.43929E-03    0.32922E+03
    0.44817E-03    0.33555E+03
    0.45722E-03    0.34201E+03
    0.46646E-03    0.34858E+03
    0.47588E-03    0.35528E+03
    0.48550E-03    0.36210E+03
    0.49530E-03    0.36906E+03
    0.50531E-03    0.37614E+03
    0.51552E-03    0.38336E+03
    0.52593E-03    0.39071E+03
    0.53656E-03    0.39821E+03
    0.54739E-03    0.40584E+03
    0.55845E-03    0.41361E+03
    0.56973E-03    0.42153E+03
    0.58124E-03    0.42960E+03
    0.59299E-03    0.43782E+03
    0.60496E-03    0.44619E+03
    0.61719E-03    0.45472E+03
    0.62965E-03    0.46340E+03
    0.64237E-03    0.47225E+03
    0.65535E-03    0.48126E+03
    0.66859E-03    0.49043E+03
    0.68210E-03    0.49978E+03
    0.69588E-03    0.50929E+03
    0.70993E-03    0.51898E+03
    0.72427E-03    0.52885E+03
    0.73891E-03    0.53890E+03
    0.75383E-03    0.54914E+03
    0.76906E-03    0.55955E+03
    0.78460E-03    0.57016E+03
    0.80045E-03    0.58096E+03
    0.81662E-03    0.59196E+03
    0.83311E-03    0.60316E+03
    0.84994E-03    0.61455E+03
    0.86711E-03    0.62616E+03
    0.88463E-03    0.63797E+03
    0.90250E-03    0.64999E+03
    0.92073E-03    0.66222E+03
    0.93933E-03    0.67468E+03
    0.95831E-03    0.68735E+03
    0.97767E-03    0.70025E+03
    0.99742E-03    0.71338E+03
    0.10176E-02    0.72674E+03
    0.10381E-02    0.74033E+03
    0.10591E-02    0.75416E+03
    0.10805E-02    0.76823E+03
    0.11023E-02    0.78254E+03
    0.11246E-02    0.79711E+03
    0.11473E-02    0.81192E+03
    0.11705E-02    0.82699E+03
    0.11941E-02    0.84232E+03
    0.12182E-02    0.85791E+03
    0.12429E-02    0.87376E+03
    0.12680E-02    0.88988E+03
    0.12936E-02    0.90628E+03
    0.13197E-02    0.92295E+03
    0.13464E-02    0.93990E+03
    0.13736E-02    0.95713E+03
    0.14013E-02    0.97465E+03
    0.14296E-02    0.99246E+03
    0.14585E-02    0.10106E+04
    0.14880E-02    0.10290E+04
    0.15180E-02    0.10477E+04
    0.15487E-02    0.10667E+04
    0.15800E-02    0.10860E+04
    0.16119E-02    0.11056E+04
    0.16445E-02    0.11255E+04
    0.16777E-02    0.11458E+04
    0.17116E-02    0.11663E+04
    0.17462E-02    0.11872E+04
    0.17814E-02    0.12084E+04
    0.18174E-02    0.12300E+04
    0.18541E-02    0.12518E+04
    0.18916E-02    0.12740E+04
    0.19298E-02    0.12966E+04
    0.19688E-02    0.13195E+04
    0.20086E-02    0.13427E+04
    0.20491E-02    0.13663E+04
    0.20905E-02    0.13902E+04
    0.21328E-02    0.14144E+04
    0.21758E-02    0.14390E+04
    0.22198E-02    0.14640E+04
    0.22646E-02    0.14893E+04
    0.23104E-02    0.15150E+04
    0.23571E-02    0.15410E+04
    0.24047E-02    0.15674E+04
    0.24533E-02    0.15942E+04
    0.25028E-02    0.16213E+04
    0.25534E-02    0.16488E+04
    0.26050E-02    0.16766E+04
    0.26576E-02    0.17048E+04
    0.27113E-02    0.17334E+04
    0.27660E-02    0.17623E+04
    0.28219E-02    0.17916E+04
    0.28789E-02    0.18212E+04
    0.29371E-02    0.18513E+04
    0.29964E-02    0.18816E+04
    0.30569E-02    0.19124E+04
    0.31187E-02    0.19435E+04
    0.31817E-02    0.19749E+04
    0.32460E-02    0.20067E+04
    0.33115E-02    0.20389E+04
    0.33784E-02    0.20714E+04
    0.34467E-02    0.21042E+04
    0.35163E-02    0.21374E+04
    0.35874E-02    0.21710E+04
    0.36598E-02    0.22048E+04
    0.37338E-02    0.22390E+04
    0.38092E-02    0.22736E+04
    0.38861E-02    0.23084E+04
    0.39646E-02    0.23436E+04
    0.40447E-02    0.23790E+04
    0.41264E-02    0.24148E+04
    0.42098E-02    0.24508E+04
    0.42948E-02    0.24872E+04
    0.43816E-02    0.25238E+04
    0.44701E-02    0.25607E+04
    0.45604E-02    0.25979E+04
    0.46525E-02    0.26353E+04
    0.47465E-02    0.26729E+04
    0.48424E-02    0.27108E+04
    0.49402E-02    0.27489E+04
    0.50400E-02    0.27872E+04
    0.51419E-02    0.28257E+04
    0.52457E-02    0.28644E+04
    0.53517E-02    0.29032E+04
    0.54598E-02    0.29422E+04
    0.55701E-02    0.29814E+04
    0.56826E-02    0.30206E+04
    0.57974E-02    0.30600E+04
    0.59145E-02    0.30994E+04
    0.60340E-02    0.31390E+04
    0.61559E-02    0.31785E+04
    0.62803E-02    0.32181E+04
    0.64072E-02    0.32578E+04
    0.65366E-02    0.32974E+04
    0.66686E-02    0.33369E+04
    0.68033E-02    0.33765E+04
    0.69408E-02    0.34159E+04
    0.70810E-02    0.34553E+04
    0.72240E-02    0.34945E+04
    0.73700E-02    0.35335E+04
    0.75189E-02    0.35724E+04
    0.76708E-02    0.36111E+04
    0.78257E-02    0.36496E+04
    0.79838E-02    0.36877E+04
    0.81451E-02    0.37256E+04
    0.83096E-02    0.37632E+04
    0.84775E-02    0.38004E+04
    0.86488E-02    0.38372E+04
    0.88235E-02    0.38736E+04
    0.90017E-02    0.39095E+04
    0.91836E-02    0.39449E+04
    0.93691E-02    0.39798E+04
    0.95583E-02    0.40141E+04
    0.97514E-02    0.40478E+04
    0.99484E-02    0.40809E+04
    0.10149E-01    0.41133E+04
    0.10354E-01    0.41449E+04
    0.10564E-01    0.41757E+04
    0.10777E-01    0.42058E+04
    0.10995E-01    0.42349E+04
    0.11217E-01    0.42632E+04
    0.11443E-01    0.42905E+04
    0.11675E-01    0.43168E+04
    0.11910E-01    0.43421E+04
    0.12151E-01    0.43663E+04
    0.12397E-01    0.43893E+04
    0.12647E-01    0.44112E+04
    0.12902E-01    0.44318E+04
    0.13163E-01    0.44511E+04
    0.13429E-01    0.44690E+04
    0.13700E-01    0.44856E+04
    0.13977E-01    0.45008E+04
    0.14259E-01    0.45145E+04
    0.14547E-01    0.45266E+04
    0.14841E-01    0.45371E+04
    0.15141E-01    0.45460E+04
    0.15447E-01    0.45533E+04
    0.15759E-01    0.45588E+04
    0.16077E-01    0.45625E+04
    0.16402E-01    0.45644E+04
    0.16734E-01    0.45645E+04
    0.17072E-01    0.45626E+04
    0.17416E-01    0.45589E+04
    0.17768E-01    0.45531E+04
    0.18127E-01    0.45453E+04
    0.18493E-01    0.45355E+04
    0.18867E-01    0.45236E+04
    0.19248E-01    0.45097E+04
    0.19637E-01    0.44936E+04
    0.20034E-01    0.44753E+04
    0.20438E-01    0.44548E+04
    0.20851E-01    0.44322E+04
    0.21272E-01    0.44076E+04
    0.21702E-01    0.43808E+04
    0.22141E-01    0.43519E+04
    0.22588E-01    0.43209E+04
    0.23044E-01    0.42878E+04
    0.23510E-01    0.42525E+04
    0.23985E-01    0.42151E+04
    0.24469E-01    0.41756E+04
    0.24964E-01    0.41341E+04
    0.25468E-01    0.40906E+04
    0.25982E-01    0.40452E+04
    0.26507E-01    0.39980E+04
    0.27043E-01    0.39490E+04
    0.27589E-01    0.38984E+04
    0.28146E-01    0.38464E+04
    0.28715E-01    0.37929E+04
    0.29295E-01    0.37382E+04
    0.29887E-01    0.36823E+04
    0.30490E-01    0.36254E+04
    0.31106E-01    0.35676E+04
    0.31735E-01    0.35091E+04
    0.32376E-01    0.34500E+04
    0.33030E-01    0.33904E+04
    0.33697E-01    0.33304E+04
    0.34378E-01    0.32703E+04
    0.35072E-01    0.32102E+04
    0.35781E-01    0.31502E+04
    0.36504E-01    0.30905E+04
    0.37241E-01    0.30312E+04
    0.37993E-01    0.29727E+04
    0.38761E-01    0.29149E+04
    0.39544E-01    0.28581E+04
    0.40343E-01    0.28025E+04
    0.41158E-01    0.27481E+04
    0.41989E-01    0.26951E+04
    0.42838E-01    0.26436E+04
    0.43703E-01    0.25936E+04
    0.44586E-01    0.25453E+04
    0.45486E-01    0.24987E+04
    0.46405E-01    0.24539E+04
    0.47343E-01    0.24108E+04
    0.48299E-01    0.23696E+04
    0.49275E-01    0.23302E+04
    0.50270E-01    0.22926E+04
    0.51286E-01    0.22568E+04
    0.52322E-01    0.22227E+04
    0.53379E-01    0.21900E+04
    0.54457E-01    0.21588E+04
    0.55557E-01    0.21287E+04
    0.56680E-01    0.20997E+04
    0.57825E-01    0.20715E+04
    0.58993E-01    0.20439E+04
    0.60184E-01    0.20168E+04
    0.61400E-01    0.19897E+04
    0.62641E-01    0.19625E+04
    0.63906E-01    0.19348E+04
    0.65197E-01    0.19063E+04
    0.66514E-01    0.18767E+04
    0.67858E-01    0.18459E+04
    0.69229E-01    0.18137E+04
    0.70627E-01    0.17798E+04
    0.72054E-01    0.17440E+04
    0.73510E-01    0.17063E+04
    0.74994E-01    0.16666E+04
    0.76509E-01    0.16250E+04
    0.78055E-01    0.15817E+04
    0.79632E-01    0.15368E+04
    0.81241E-01    0.14905E+04
    0.82882E-01    0.14432E+04
    0.84556E-01    0.13951E+04
    0.86264E-01    0.13467E+04
    0.88007E-01    0.12984E+04
    0.89785E-01    0.12508E+04
    0.91598E-01    0.12043E+04
    0.93449E-01    0.11594E+04
    0.95337E-01    0.11166E+04
    0.97263E-01    0.10762E+04
    0.99227E-01    0.10384E+04
    0.10123E+00    0.10036E+04
    0.10328E+00    0.97185E+03
    0.10536E+00    0.94332E+03
    0.10749E+00    0.91790E+03
    0.10966E+00    0.89532E+03
    0.11188E+00    0.87529E+03
    0.11414E+00    0.85742E+03
    0.11644E+00    0.84128E+03
    0.11880E+00    0.82631E+03
    0.12120E+00    0.81187E+03
    0.12365E+00    0.79735E+03
    0.12614E+00    0.78216E+03
    0.12869E+00    0.76578E+03
    0.13129E+00    0.74776E+03
    0.13394E+00    0.72785E+03
    0.13665E+00    0.70596E+03
    0.13941E+00    0.68216E+03
    0.14223E+00    0.65675E+03
    0.14510E+00    0.63026E+03
    0.14803E+00    0.60330E+03
    0.15102E+00    0.57649E+03
    0.15407E+00    0.55053E+03
    0.15718E+00    0.52609E+03
    0.16036E+00    0.50368E+03
    0.16360E+00    0.48366E+03
    0.16690E+00    0.46619E+03
    0.17028E+00    0.45124E+03
    0.17371E+00    0.43855E+03
    0.17722E+00    0.42766E+03
    0.18080E+00    0.41799E+03
    0.18446E+00    0.40887E+03
    0.18818E+00    0.39964E+03
    0.19198E+00    0.38968E+03
    0.19586E+00    0.37856E+03
    0.19982E+00    0.36611E+03
    0.20386E+00    0.35237E+03
    0.20797E+00    0.33769E+03
    0.21218E+00    0.32259E+03
    0.21646E+00    0.30768E+03
    0.22083E+00    0.29355E+03
    0.22530E+00    0.28071E+03
    0.22985E+00    0.26944E+03
    0.23449E+00    0.25977E+03
    0.23923E+00    0.25151E+03
    0.24406E+00    0.24427E+03
    0.24899E+00    0.23752E+03
    0.25402E+00    0.23076E+03
    0.25915E+00    0.22355E+03
    0.26439E+00    0.21568E+03
    0.26973E+00    0.20718E+03
    0.27518E+00    0.19830E+03
    0.28074E+00    0.18942E+03
    0.28641E+00    0.18097E+03
    0.29219E+00    0.17327E+03
    0.29810E+00    0.16647E+03
    0.30412E+00    0.16049E+03
    0.31026E+00    0.15511E+03
    0.31653E+00    0.14999E+03
    0.32292E+00    0.14484E+03
    0.32945E+00    0.13945E+03
    0.33610E+00    0.13383E+03
    0.34289E+00    0.12813E+03
    0.34982E+00    0.12256E+03
    0.35689E+00    0.11736E+03
    0.36409E+00    0.11262E+03
    0.37145E+00    0.10832E+03
    0.37895E+00    0.10432E+03
    0.38661E+00    0.10044E+03
    0.39442E+00    0.96541E+02
    0.40239E+00    0.92602E+02
    0.41052E+00    0.88688E+02
    0.41881E+00    0.84918E+02
    0.42727E+00    0.81381E+02
    0.43590E+00    0.78099E+02
    0.44471E+00    0.74965E+02
    0.45369E+00    0.71935E+02
    0.46286E+00    0.69008E+02
    0.47221E+00    0.66184E+02
    0.48174E+00    0.63460E+02
    0.49148E+00    0.60834E+02
    0.50141E+00    0.58305E+02
    0.51153E+00    0.55870E+02
    0.52187E+00    0.53528E+02
    0.53241E+00    0.51275E+02
    0.54317E+00    0.49111E+02
    0.55414E+00    0.47033E+02
    0.56533E+00    0.45039E+02
    0.57675E+00    0.43128E+02
    0.58840E+00    0.41297E+02
    0.60029E+00    0.39540E+02
    0.61242E+00    0.37854E+02
    0.62479E+00    0.36237E+02
    0.63741E+00    0.34683E+02
    0.65029E+00    0.33192E+02
    0.66342E+00    0.31762E+02
    0.67683E+00    0.30389E+02
    0.69050E+00    0.29073E+02
    0.70445E+00    0.27811E+02
    0.71868E+00    0.26601E+02
    0.73320E+00    0.25441E+02
    0.74801E+00    0.24329E+02
    0.76312E+00    0.23264E+02
    0.77854E+00    0.22243E+02
    0.79426E+00    0.21265E+02
    0.81031E+00    0.20327E+02
    0.82668E+00    0.19429E+02
    0.84338E+00    0.18569E+02
    0.86041E+00    0.17746E+02
    0.87780E+00    0.16957E+02
    0.89553E+00    0.16202E+02
    0.91362E+00    0.15479E+02
    0.93208E+00    0.14787E+02
    0.95091E+00    0.14124E+02
    0.97011E+00    0.13491E+02
    0.98971E+00    0.12884E+02
    0.10097E+01    0.12304E+02
    0.10301E+01    0.11749E+02
    0.10509E+01    0.11217E+02
    0.10721E+01    0.10709E+02
    0.10938E+01    0.10224E+02
    0.11159E+01    0.97588E+01
    0.11384E+01    0.93145E+01
    0.11614E+01    0.88897E+01
    0.11849E+01    0.84836E+01
    0.12088E+01    0.80954E+01
    0.12333E+01    0.77244E+01
    0.12582E+01    0.73698E+01
    0.12836E+01    0.70309E+01
    0.13095E+01    0.67070E+01
    0.13360E+01    0.63976E+01
    0.13630E+01    0.61020E+01
    0.13905E+01    0.58196E+01
    0.14186E+01    0.55499E+01
    0.14472E+01    0.52923E+01
    0.14765E+01    0.50463E+01
    0.15063E+01    0.48113E+01
    0.15367E+01    0.45870E+01
    0.15678E+01    0.43728E+01
    0.15994E+01    0.41683E+01
    0.16318E+01    0.39731E+01
    0.16647E+01    0.37868E+01
    0.16984E+01    0.36090E+01
    0.17327E+01    0.34393E+01
    0.17677E+01    0.32773E+01
    0.18034E+01    0.31228E+01
    0.18398E+01    0.29753E+01
    0.18770E+01    0.28347E+01
    0.19149E+01    0.27005E+01
    0.19536E+01    0.25725E+01
    0.19930E+01    0.24504E+01
    0.20333E+01    0.23339E+01
    0.20744E+01    0.22229E+01
    0.21163E+01    0.21170E+01
    0.21590E+01    0.20160E+01
    0.22026E+01    0.19197E+01
    0.22471E+01    0.18279E+01
    0.22925E+01    0.17404E+01
    0.23388E+01    0.16570E+01
    0.23861E+01    0.15775E+01
    0.24343E+01    0.15017E+01
    0.24835E+01    0.14294E+01
    0.25336E+01    0.13606E+01
    0.25848E+01    0.12950E+01
    0.26370E+01    0.12325E+01
    0.26903E+01    0.11730E+01
    0.27447E+01    0.11162E+01
    0.28001E+01    0.10622E+01
    0.28567E+01    0.10107E+01
    0.29144E+01    0.96164E+00
    0.29733E+01    0.91492E+00
    0.30333E+01    0.87043E+00
    0.30946E+01    0.82806E+00
    0.31571E+01    0.78771E+00
    0.32209E+01    0.74929E+00
    0.32860E+01    0.71271E+00
    0.33523E+01    0.67787E+00
    0.34201E+01    0.64471E+00
    0.34892E+01    0.61313E+00
    0.35596E+01    0.58308E+00
    0.36316E+01    0.55447E+00
    0.37049E+01    0.52724E+00
    0.37798E+01    0.50132E+00
    0.38561E+01    0.47665E+00
    0.39340E+01    0.45317E+00
    0.40135E+01    0.43083E+00
    0.40946E+01    0.40957E+00
    0.41773E+01    0.38935E+00
    0.42617E+01    0.37010E+00
    0.43478E+01    0.35179E+00
    0.44356E+01    0.33437E+00
    0.45252E+01    0.31780E+00
    0.46166E+01    0.30204E+00
    0.47099E+01    0.28704E+00
    0.48050E+01    0.27278E+00
    0.49021E+01    0.25921E+00
    0.50011E+01    0.24631E+00
    0.51021E+01    0.23404E+00
    0.52052E+01    0.22237E+00
    0.53104E+01    0.21128E+00
    0.54176E+01    0.20073E+00
    0.55271E+01    0.19070E+00
    0.56387E+01    0.18116E+00
    0.57526E+01    0.17209E+00
    0.58689E+01    0.16347E+00
    0.59874E+01    0.15528E+00
    0.61084E+01    0.14749E+00
    0.62318E+01    0.14008E+00
    0.63577E+01    0.13304E+00
    0.64861E+01    0.12635E+00
    0.66171E+01    0.12000E+00
    0.67508E+01    0.11395E+00
    0.68872E+01    0.10821E+00
    0.70263E+01    0.10275E+00
    0.71682E+01    0.97568E-01
    0.73130E+01    0.92641E-01
    0.74608E+01    0.87959E-01
    0.76115E+01    0.83511E-01
    0.77653E+01    0.79285E-01
    0.79221E+01    0.75269E-01
    0.80822E+01    0.71455E-01
    0.82454E+01    0.67831E-01
    0.84120E+01    0.64389E-01
    0.85819E+01    0.61120E-01
    0.87553E+01    0.58014E-01
    0.89322E+01    0.55064E-01
    0.91126E+01    0.52263E-01
    0.92967E+01    0.49602E-01
    0.94845E+01    0.47075E-01
    0.96761E+01    0.44675E-01
    0.98716E+01    0.42396E-01
    0.10071E+02    0.40232E-01
    0.10274E+02    0.38178E-01
    0.10482E+02    0.36227E-01
    0.10694E+02    0.34374E-01
    0.10910E+02    0.32615E-01
    0.11130E+02    0.30946E-01
    0.11355E+02    0.29360E-01
    0.11584E+02    0.27855E-01
    0.11818E+02    0.26427E-01
    0.12057E+02    0.25070E-01
    0.12301E+02    0.23783E-01
    0.12549E+02    0.22561E-01
    0.12803E+02    0.21401E-01
    0.13061E+02    0.20301E-01
    0.13325E+02    0.19256E-01
    0.13594E+02    0.18264E-01
    0.13869E+02    0.17323E-01
    0.14149E+02    0.16430E-01
    0.14435E+02    0.15583E-01
    0.14727E+02    0.14778E-01
    0.15024E+02    0.14015E-01
    0.15328E+02    0.13291E-01
    0.15637E+02    0.12604E-01
    0.15953E+02    0.11952E-01
    0.16275E+02    0.11334E-01
    0.16604E+02    0.10747E-01
    0.16940E+02    0.10190E-01
    0.17282E+02    0.96621E-02
    0.17631E+02    0.91611E-02
    0.17987E+02    0.86858E-02
    0.18351E+02    0.82349E-02
    0.18721E+02    0.78073E-02
    0.19099E+02    0.74016E-02
    0.19485E+02    0.70168E-02
    0.19879E+02    0.66518E-02
    0.20280E+02    0.63057E-02
    0.20690E+02    0.59774E-02
    0.21108E+02    0.56660E-02
    0.21535E+02    0.53707E-02
    0.21970E+02    0.50907E-02
    0.22413E+02    0.48252E-02
    0.22866E+02    0.45733E-02
    0.23328E+02    0.43345E-02
    0.23799E+02    0.41081E-02
    0.24280E+02    0.38934E-02
    0.24771E+02    0.36898E-02
    0.25271E+02    0.34968E-02
    0.25782E+02    0.33138E-02
    0.26302E+02    0.31403E-02
    0.26834E+02    0.29758E-02
    0.27376E+02    0.28198E-02
    0.27929E+02    0.26719E-02
    0.28493E+02    0.25318E-02
    0.29069E+02    0.23989E-02
    0.29656E+02    0.22730E-02
    0.30255E+02    0.21536E-02
    0.30866E+02    0.20404E-02
    0.31490E+02    0.19331E-02
    0.32126E+02    0.18314E-02
    0.32775E+02    0.17351E-02
    0.33437E+02    0.16437E-02
    0.34112E+02    0.15571E-02
    0.34801E+02    0.14751E-02
    0.35504E+02    0.13973E-02
    0.36222E+02    0.13236E-02
    0.36953E+02    0.12538E-02
    0.37700E+02    0.11876E-02
    0.38462E+02    0.11249E-02
    0.39239E+02    0.10655E-02
    0.40031E+02    0.10091E-02
    0.40840E+02    0.95577E-03
    0.41665E+02    0.90521E-03
    0.42507E+02    0.85730E-03
    0.43365E+02    0.81191E-03
    0.44241E+02    0.76890E-03
    0.45135E+02    0.72815E-03
    0.46047E+02    0.68954E-03
    0.46977E+02    0.65297E-03
    0.47926E+02    0.61831E-03
    0.48894E+02    0.58549E-03
    0.49882E+02    0.55439E-03
    0.50890E+02    0.52493E-03
    0.51918E+02    0.49702E-03
    0.52966E+02    0.47059E-03
    0.54036E+02    0.44555E-03
    0.55128E+02    0.42183E-03
    0.56242E+02    0.39936E-03
    0.57378E+02    0.37808E-03
    0.58537E+02    0.35793E-03
    0.59720E+02    0.33884E-03
    0.60926E+02    0.32076E-03
    0.62157E+02    0.30364E-03
    0.63412E+02    0.28742E-03
    0.64693E+02    0.27206E-03
    0.66000E+02    0.25752E-03
    0.67334E+02    0.24374E-03
    0.68694E+02    0.23070E-03
    0.70082E+02    0.21835E-03
    0.71497E+02    0.20665E-03
    0.72942E+02    0.19558E-03
    0.74415E+02    0.18509E-03
    0.75918E+02    0.17516E-03
    0.77452E+02    0.16576E-03
    0.79017E+02    0.15685E-03
    0.80613E+02    0.14843E-03
    0.82241E+02    0.14045E-03
    0.83903E+02    0.13289E-03
    0.85598E+02    0.12574E-03
    0.87327E+02    0.11897E-03
    0.89091E+02    0.11255E-03
    0.90891E+02    0.10649E-03
    0.92727E+02    0.10074E-03
    0.94600E+02    0.95303E-04
    0.96511E+02    0.90155E-04
    0.98461E+02    0.85281E-04
    0.10045E+03    0.80667E-04
    0.10248E+03    0.76300E-04
    0.10455E+03    0.72167E-04
    0.10666E+03    0.68257E-04
