    0.10000E-03    0.62622E+02
    0.10202E-03    0.63835E+02
    0.10408E-03    0.65073E+02
    0.10618E-03    0.66334E+02
    0.10833E-03    0.67620E+02
    0.11052E-03    0.68930E+02
    0.11275E-03    0.70266E+02
    0.11503E-03    0.71628E+02
    0.11735E-03    0.73016E+02
    0.11972E-03    0.74431E+02
    0.12214E-03    0.75874E+02
    0.12461E-03    0.77344E+02
    0.12712E-03    0.78843E+02
    0.12969E-03    0.80371E+02
    0.13231E-03    0.81928E+02
    0.13499E-03    0.83516E+02
    0.13771E-03    0.85134E+02
    0.14049E-03    0.86784E+02
    0.14333E-03    0.88465E+02
    0.14623E-03    0.90179E+02
    0.14918E-03    0.91926E+02
    0.15220E-03    0.93707E+02
    0.15527E-03    0.95523E+02
    0.15841E-03    0.97373E+02
    0.16161E-03    0.99259E+02
    0.16487E-03    0.10118E+03
    0.16820E-03    0.10314E+03
    0.17160E-03    0.10514E+03
    0.17507E-03    0.10718E+03
    0.17860E-03    0.10925E+03
    0.18221E-03    0.11137E+03
    0.18589E-03    0.11352E+03
    0.18965E-03    0.11572E+03
    0.19348E-03    0.11796E+03
    0.19739E-03    0.12025E+03
    0.20138E-03    0.12257E+03
    0.20544E-03    0.12495E+03
    0.20959E-03    0.12737E+03
    0.21383E-03    0.12983E+03
    0.21815E-03    0.13234E+03
    0.22255E-03    0.13491E+03
    0.22705E-03    0.13752E+03
    0.23164E-03    0.14018E+03
    0.23632E-03    0.14289E+03
    0.24109E-03    0.14565E+03
    0.24596E-03    0.14847E+03
    0.25093E-03    0.15134E+03
    0.25600E-03    0.15427E+03
    0.26117E-03    0.15725E+03
    0.26645E-03    0.16029E+03
    0.27183E-03    0.16339E+03
    0.27732E-03    0.16655E+03
    0.28292E-03    0.16977E+03
    0.28864E-03    0.17305E+03
    0.29447E-03    0.17640E+03
    0.30042E-03    0.17981E+03
    0.30649E-03    0.18328E+03
    0.31268E-03    0.18682E+03
    0.31899E-03    0.19043E+03
    0.32544E-03    0.19410E+03
    0.33201E-03    0.19785E+03
    0.33872E-03    0.20167E+03
    0.34556E-03    0.20556E+03
    0.35254E-03    0.20953E+03
    0.35966E-03    0.21357E+03
    0.36693E-03    0.21769E+03
    0.37434E-03    0.22189E+03
    0.38190E-03    0.22617E+03
    0.38962E-03    0.23053E+03
    0.39749E-03    0.23497E+03
    0.40552E-03    0.23950E+03
    0.41371E-03    0.24411E+03
    0.42207E-03    0.24881E+03
    0.43060E-03    0.25360E+03
    0.43929E-03    0.25848E+03
    0.44817E-03    0.26345E+03
    0.45722E-03    0.26852E+03
    0.46646E-03    0.27369E+03
    0.47588E-03    0.27895E+03
    0.48550E-03    0.28431E+03
    0.49530E-03    0.28977E+03
    0.50531E-03    0.29533E+03
    0.51552E-03    0.30100E+03
    0.52593E-03    0.30678E+03
    0.53656E-03    0.31266E+03
    0.54739E-03    0.31865E+03
    0.55845E-03    0.32476E+03
    0.56973E-03    0.33098E+03
    0.58124E-03    0.33732E+03
    0.59299E-03    0.34377E+03
    0.60496E-03    0.35035E+03
    0.61719E-03    0.35704E+03
    0.62965E-03    0.36386E+03
    0.64237E-03    0.37081E+03
    0.65535E-03    0.37789E+03
    0.66859E-03    0.38510E+03
    0.68210E-03    0.39244E+03
    0.69588E-03    0.39991E+03
    0.70993E-03    0.40752E+03
    0.72427E-03    0.41528E+03
    0.73891E-03    0.42317E+03
    0.75383E-03    0.43121E+03
    0.76906E-03    0.43940E+03
    0.78460E-03    0.44773E+03
    0.80045E-03    0.45621E+03
    0.81662E-03    0.46485E+03
    0.83311E-03    0.47365E+03
    0.84994E-03    0.48260E+03
    0.86711E-03    0.49172E+03
    0.88463E-03    0.50100E+03
    0.90250E-03    0.51044E+03
    0.92073E-03    0.52005E+03
    0.93933E-03    0.52984E+03
    0.95831E-03    0.53980E+03
    0.97767E-03    0.54993E+03
    0.99742E-03    0.56024E+03
    0.10176E-02    0.57074E+03
    0.10381E-02    0.58142E+03
    0.10591E-02    0.59228E+03
    0.10805E-02    0.60334E+03
    0.11023E-02    0.61458E+03
    0.11246E-02    0.62603E+03
    0.11473E-02    0.63767E+03
    0.11705E-02    0.64950E+03
    0.11941E-02    0.66155E+03
    0.12182E-02    0.67379E+03
    0.12429E-02    0.68625E+03
    0.12680E-02    0.69892E+03
    0.12936E-02    0.71180E+03
    0.13197E-02    0.72490E+03
    0.13464E-02    0.73821E+03
    0.13736E-02    0.75175E+03
    0.14013E-02    0.76552E+03
    0.14296E-02    0.77951E+03
    0.14585E-02    0.79373E+03
    0.14880E-02    0.80818E+03
    0.15180E-02    0.82287E+03
    0.15487E-02    0.83780E+03
    0.15800E-02    0.85297E+03
    0.16119E-02    0.86838E+03
    0.16445E-02    0.88403E+03
    0.16777E-02    0.89994E+03
    0.17116E-02    0.91610E+03
    0.17462E-02    0.93250E+03
    0.17814E-02    0.94917E+03
    0.18174E-02    0.96609E+03
    0.18541E-02    0.98327E+03
    0.18916E-02    0.10007E+04
    0.19298E-02    0.10184E+04
    0.19688E-02    0.10364E+04
    0.20086E-02    0.10546E+04
    0.20491E-02    0.10732E+04
    0.20905E-02    0.10919E+04
    0.21328E-02    0.11110E+04
    0.21758E-02    0.11303E+04
    0.22198E-02    0.11500E+04
    0.22646E-02    0.11698E+04
    0.23104E-02    0.11900E+04
    0.23571E-02    0.12105E+04
    0.24047E-02    0.12312E+04
    0.24533E-02    0.12522E+04
    0.25028E-02    0.12735E+04
    0.25534E-02    0.12951E+04
    0.26050E-02    0.13170E+04
    0.26576E-02    0.13391E+04
    0.27113E-02    0.13616E+04
    0.27660E-02    0.13843E+04
    0.28219E-02    0.14073E+04
    0.28789E-02    0.14306E+04
    0.29371E-02    0.14542E+04
    0.29964E-02    0.14780E+04
    0.30569E-02    0.15022E+04
    0.31187E-02    0.15266E+04
    0.31817E-02    0.15513E+04
    0.32460E-02    0.15763E+04
    0.33115E-02    0.16016E+04
    0.33784E-02    0.16271E+04
    0.34467E-02    0.16529E+04
    0.35163E-02    0.16790E+04
    0.35874E-02    0.17053E+04
    0.36598E-02    0.17319E+04
    0.37338E-02    0.17588E+04
    0.38092E-02    0.17859E+04
    0.38861E-02    0.18133E+04
    0.39646E-02    0.18409E+04
    0.40447E-02    0.18688E+04
    0.41264E-02    0.18968E+04
    0.42098E-02    0.19252E+04
    0.42948E-02    0.19537E+04
    0.43816E-02    0.19825E+04
    0.44701E-02    0.20115E+04
    0.45604E-02    0.20407E+04
    0.46525E-02    0.20701E+04
    0.47465E-02    0.20996E+04
    0.48424E-02    0.21294E+04
    0.49402E-02    0.21593E+04
    0.50400E-02    0.21894E+04
    0.51419E-02    0.22196E+04
    0.52457E-02    0.22500E+04
    0.53517E-02    0.22805E+04
    0.54598E-02    0.23112E+04
    0.55701E-02    0.23419E+04
    0.56826E-02    0.23728E+04
    0.57974E-02    0.24037E+04
    0.59145E-02    0.24347E+04
    0.60340E-02    0.24657E+04
    0.61559E-02    0.24968E+04
    0.62803E-02    0.25279E+04
    0.64072E-02    0.25590E+04
    0.65366E-02    0.25902E+04
    0.66686E-02    0.26212E+04
    0.68033E-02    0.26523E+04
    0.69408E-02    0.26833E+04
    0.70810E-02    0.27142E+04
    0.72240E-02    0.27450E+04
    0.73700E-02    0.27757E+04
    0.75189E-02    0.28062E+04
    0.76708E-02    0.28366E+04
    0.78257E-02    0.28668E+04
    0.79838E-02    0.28968E+04
    0.81451E-02    0.29266E+04
    0.83096E-02    0.29561E+04
    0.84775E-02    0.29853E+04
    0.86488E-02    0.30142E+04
    0.88235E-02    0.30428E+04
    0.90017E-02    0.30710E+04
    0.91836E-02    0.30988E+04
    0.93691E-02    0.31262E+04
    0.95583E-02    0.31532E+04
    0.97514E-02    0.31797E+04
    0.99484E-02    0.32056E+04
    0.10149E-01    0.32311E+04
    0.10354E-01    0.32559E+04
    0.10564E-01    0.32802E+04
    0.10777E-01    0.33037E+04
    0.10995E-01    0.33267E+04
    0.11217E-01    0.33489E+04
    0.11443E-01    0.33703E+04
    0.11675E-01    0.33910E+04
    0.11910E-01    0.34108E+04
    0.12151E-01    0.34298E+04
    0.12397E-01    0.34479E+04
    0.12647E-01    0.34651E+04
    0.12902E-01    0.34813E+04
    0.13163E-01    0.34964E+04
    0.13429E-01    0.35106E+04
    0.13700E-01    0.35236E+04
    0.13977E-01    0.35355E+04
    0.14259E-01    0.35462E+04
    0.14547E-01    0.35557E+04
    0.14841E-01    0.35640E+04
    0.15141E-01    0.35710E+04
    0.15447E-01    0.35767E+04
    0.15759E-01    0.35810E+04
    0.16077E-01    0.35840E+04
    0.16402E-01    0.35855E+04
    0.16734E-01    0.35855E+04
    0.17072E-01    0.35841E+04
    0.17416E-01    0.35811E+04
    0.17768E-01    0.35766E+04
    0.18127E-01    0.35705E+04
    0.18493E-01    0.35628E+04
    0.18867E-01    0.35534E+04
    0.19248E-01    0.35425E+04
    0.19637E-01    0.35298E+04
    0.20034E-01    0.35155E+04
    0.20438E-01    0.34994E+04
    0.20851E-01    0.34817E+04
    0.21272E-01    0.34623E+04
    0.21702E-01    0.34413E+04
    0.22141E-01    0.34186E+04
    0.22588E-01    0.33942E+04
    0.23044E-01    0.33682E+04
    0.23510E-01    0.33404E+04
    0.23985E-01    0.33111E+04
    0.24469E-01    0.32801E+04
    0.24964E-01    0.32475E+04
    0.25468E-01    0.32133E+04
    0.25982E-01    0.31776E+04
    0.26507E-01    0.31405E+04
    0.27043E-01    0.31021E+04
    0.27589E-01    0.30623E+04
    0.28146E-01    0.30214E+04
    0.28715E-01    0.29794E+04
    0.29295E-01    0.29364E+04
    0.29887E-01    0.28925E+04
    0.30490E-01    0.28479E+04
    0.31106E-01    0.28025E+04
    0.31735E-01    0.27565E+04
    0.32376E-01    0.27101E+04
    0.33030E-01    0.26632E+04
    0.33697E-01    0.26162E+04
    0.34378E-01    0.25689E+04
    0.35072E-01    0.25217E+04
    0.35781E-01    0.24745E+04
    0.36504E-01    0.24276E+04
    0.37241E-01    0.23811E+04
    0.37993E-01    0.23351E+04
    0.38761E-01    0.22897E+04
    0.39544E-01    0.22451E+04
    0.40343E-01    0.22014E+04
    0.41158E-01    0.21587E+04
    0.41989E-01    0.21171E+04
    0.42838E-01    0.20766E+04
    0.43703E-01    0.20374E+04
    0.44586E-01    0.19994E+04
    0.45486E-01    0.19628E+04
    0.46405E-01    0.19276E+04
    0.47343E-01    0.18938E+04
    0.48299E-01    0.18614E+04
    0.49275E-01    0.18304E+04
    0.50270E-01    0.18009E+04
    0.51286E-01    0.17728E+04
    0.52322E-01    0.17460E+04
    0.53379E-01    0.17203E+04
    0.54457E-01    0.16958E+04
    0.55557E-01    0.16722E+04
    0.56680E-01    0.16494E+04
    0.57825E-01    0.16272E+04
    0.58993E-01    0.16056E+04
    0.60184E-01    0.15842E+04
    0.61400E-01    0.15630E+04
    0.62641E-01    0.15416E+04
    0.63906E-01    0.15198E+04
    0.65197E-01    0.14974E+04
    0.66514E-01    0.14742E+04
    0.67858E-01    0.14500E+04
    0.69229E-01    0.14247E+04
    0.70627E-01    0.13981E+04
    0.72054E-01    0.13700E+04
    0.73510E-01    0.13403E+04
    0.74994E-01    0.13092E+04
    0.76509E-01    0.12765E+04
    0.78055E-01    0.12425E+04
    0.79632E-01    0.12072E+04
    0.81241E-01    0.11709E+04
    0.82882E-01    0.11336E+04
    0.84556E-01    0.10959E+04
    0.86264E-01    0.10579E+04
    0.88007E-01    0.10200E+04
    0.89785E-01    0.98255E+03
    0.91598E-01    0.94601E+03
    0.93449E-01    0.91074E+03
    0.95337E-01    0.87710E+03
    0.97263E-01    0.84535E+03
    0.99227E-01    0.81569E+03
    0.10123E+00    0.78833E+03
    0.10328E+00    0.76341E+03
    0.10536E+00    0.74101E+03
    0.10749E+00    0.72103E+03
    0.10966E+00    0.70330E+03
    0.11188E+00    0.68756E+03
    0.11414E+00    0.67353E+03
    0.11644E+00    0.66085E+03
    0.11880E+00    0.64909E+03
    0.12120E+00    0.63775E+03
    0.12365E+00    0.62634E+03
    0.12614E+00    0.61441E+03
    0.12869E+00    0.60154E+03
    0.13129E+00    0.58739E+03
    0.13394E+00    0.57175E+03
    0.13665E+00    0.55455E+03
    0.13941E+00    0.53586E+03
    0.14223E+00    0.51589E+03
    0.14510E+00    0.49509E+03
    0.14803E+00    0.47391E+03
    0.15102E+00    0.45285E+03
    0.15407E+00    0.43246E+03
    0.15718E+00    0.41326E+03
    0.16036E+00    0.39566E+03
    0.16360E+00    0.37993E+03
    0.16690E+00    0.36620E+03
    0.17028E+00    0.35446E+03
    0.17371E+00    0.34449E+03
    0.17722E+00    0.33594E+03
    0.18080E+00    0.32834E+03
    0.18446E+00    0.32118E+03
    0.18818E+00    0.31393E+03
    0.19198E+00    0.30611E+03
    0.19586E+00    0.29737E+03
    0.19982E+00    0.28759E+03
    0.20386E+00    0.27680E+03
    0.20797E+00    0.26526E+03
    0.21218E+00    0.25340E+03
    0.21646E+00    0.24169E+03
    0.22083E+00    0.23059E+03
    0.22530E+00    0.22051E+03
    0.22985E+00    0.21165E+03
    0.23449E+00    0.20405E+03
    0.23923E+00    0.19757E+03
    0.24406E+00    0.19188E+03
    0.24899E+00    0.18658E+03
    0.25402E+00    0.18127E+03
    0.25915E+00    0.17560E+03
    0.26439E+00    0.16943E+03
    0.26973E+00    0.16275E+03
    0.27518E+00    0.15577E+03
    0.28074E+00    0.14880E+03
    0.28641E+00    0.14216E+03
    0.29219E+00    0.13611E+03
    0.29810E+00    0.13076E+03
    0.30412E+00    0.12607E+03
    0.31026E+00    0.12184E+03
    0.31653E+00    0.11782E+03
    0.32292E+00    0.11377E+03
    0.32945E+00    0.10954E+03
    0.33610E+00    0.10513E+03
    0.34289E+00    0.10065E+03
    0.34982E+00    0.96275E+02
    0.35689E+00    0.92188E+02
    0.36409E+00    0.88467E+02
    0.37145E+00    0.85090E+02
    0.37895E+00    0.81947E+02
    0.38661E+00    0.78897E+02
    0.39442E+00    0.75836E+02
    0.40239E+00    0.72741E+02
    0.41052E+00    0.69667E+02
    0.41881E+00    0.66705E+02
    0.42727E+00    0.63927E+02
    0.43590E+00    0.61349E+02
    0.44471E+00    0.58887E+02
    0.45369E+00    0.56507E+02
    0.46286E+00    0.54208E+02
    0.47221E+00    0.51989E+02
    0.48174E+00    0.49849E+02
    0.49148E+00    0.47787E+02
    0.50141E+00    0.45800E+02
    0.51153E+00    0.43888E+02
    0.52187E+00    0.42048E+02
    0.53241E+00    0.40278E+02
    0.54317E+00    0.38578E+02
    0.55414E+00    0.36946E+02
    0.56533E+00    0.35380E+02
    0.57675E+00    0.33879E+02
    0.58840E+00    0.32440E+02
    0.60029E+00    0.31060E+02
    0.61242E+00    0.29736E+02
    0.62479E+00    0.28465E+02
    0.63741E+00    0.27245E+02
    0.65029E+00    0.26074E+02
    0.66342E+00    0.24950E+02
    0.67683E+00    0.23872E+02
    0.69050E+00    0.22838E+02
    0.70445E+00    0.21846E+02
    0.71868E+00    0.20896E+02
    0.73320E+00    0.19985E+02
    0.74801E+00    0.19111E+02
    0.76312E+00    0.18275E+02
    0.77854E+00    0.17472E+02
    0.79426E+00    0.16704E+02
    0.81031E+00    0.15968E+02
    0.82668E+00    0.15262E+02
    0.84338E+00    0.14587E+02
    0.86041E+00    0.13940E+02
    0.87780E+00    0.13320E+02
    0.89553E+00    0.12727E+02
    0.91362E+00    0.12159E+02
    0.93208E+00    0.11615E+02
    0.95091E+00    0.11095E+02
    0.97011E+00    0.10597E+02
    0.98971E+00    0.10121E+02
    0.10097E+01    0.96650E+01
    0.10301E+01    0.92289E+01
    0.10509E+01    0.88116E+01
    0.10721E+01    0.84126E+01
    0.10938E+01    0.80309E+01
    0.11159E+01    0.76658E+01
    0.11384E+01    0.73168E+01
    0.11614E+01    0.69831E+01
    0.11849E+01    0.66641E+01
    0.12088E+01    0.63592E+01
    0.12333E+01    0.60677E+01
    0.12582E+01    0.57892E+01
    0.12836E+01    0.55230E+01
    0.13095E+01    0.52686E+01
    0.13360E+01    0.50255E+01
    0.13630E+01    0.47933E+01
    0.13905E+01    0.45715E+01
    0.14186E+01    0.43596E+01
    0.14472E+01    0.41572E+01
    0.14765E+01    0.39640E+01
    0.15063E+01    0.37794E+01
    0.15367E+01    0.36032E+01
    0.15678E+01    0.34350E+01
    0.15994E+01    0.32743E+01
    0.16318E+01    0.31210E+01
    0.16647E+01    0.29746E+01
    0.16984E+01    0.28349E+01
    0.17327E+01    0.27016E+01
    0.17677E+01    0.25744E+01
    0.18034E+01    0.24530E+01
    0.18398E+01    0.23372E+01
    0.18770E+01    0.22267E+01
    0.19149E+01    0.21213E+01
    0.19536E+01    0.20207E+01
    0.19930E+01    0.19248E+01
    0.20333E+01    0.18334E+01
    0.20744E+01    0.17461E+01
    0.21163E+01    0.16629E+01
    0.21590E+01    0.15836E+01
    0.22026E+01    0.15080E+01
    0.22471E+01    0.14359E+01
    0.22925E+01    0.13671E+01
    0.23388E+01    0.13016E+01
    0.23861E+01    0.12391E+01
    0.24343E+01    0.11796E+01
    0.24835E+01    0.11229E+01
    0.25336E+01    0.10688E+01
    0.25848E+01    0.10173E+01
    0.26370E+01    0.96817E+00
    0.26903E+01    0.92139E+00
    0.27447E+01    0.87682E+00
    0.28001E+01    0.83436E+00
    0.28567E+01    0.79392E+00
    0.29144E+01    0.75539E+00
    0.29733E+01    0.71870E+00
    0.30333E+01    0.68375E+00
    0.30946E+01    0.65047E+00
    0.31571E+01    0.61877E+00
    0.32209E+01    0.58859E+00
    0.32860E+01    0.55985E+00
    0.33523E+01    0.53249E+00
    0.34201E+01    0.50644E+00
    0.34892E+01    0.48163E+00
    0.35596E+01    0.45802E+00
    0.36316E+01    0.43555E+00
    0.37049E+01    0.41416E+00
    0.37798E+01    0.39380E+00
    0.38561E+01    0.37442E+00
    0.39340E+01    0.35598E+00
    0.40135E+01    0.33843E+00
    0.40946E+01    0.32173E+00
    0.41773E+01    0.30584E+00
    0.42617E+01    0.29073E+00
    0.43478E+01    0.27634E+00
    0.44356E+01    0.26266E+00
    0.45252E+01    0.24964E+00
    0.46166E+01    0.23726E+00
    0.47099E+01    0.22548E+00
    0.48050E+01    0.21427E+00
    0.49021E+01    0.20362E+00
    0.50011E+01    0.19348E+00
    0.51021E+01    0.18385E+00
    0.52052E+01    0.17468E+00
    0.53104E+01    0.16596E+00
    0.54176E+01    0.15768E+00
    0.55271E+01    0.14980E+00
    0.56387E+01    0.14231E+00
    0.57526E+01    0.13518E+00
    0.58689E+01    0.12841E+00
    0.59874E+01    0.12197E+00
    0.61084E+01    0.11586E+00
    0.62318E+01    0.11004E+00
    0.63577E+01    0.10451E+00
    0.64861E+01    0.99254E-01
    0.66171E+01    0.94260E-01
    0.67508E+01    0.89513E-01
    0.68872E+01    0.85002E-01
    0.70263E+01    0.80716E-01
    0.71682E+01    0.76643E-01
    0.73130E+01    0.72772E-01
    0.74608E+01    0.69094E-01
    0.76115E+01    0.65600E-01
    0.77653E+01    0.62280E-01
    0.79221E+01    0.59126E-01
    0.80822E+01    0.56130E-01
    0.82454E+01    0.53283E-01
    0.84120E+01    0.50579E-01
    0.85819E+01    0.48011E-01
    0.87553E+01    0.45572E-01
    0.89322E+01    0.43255E-01
    0.91126E+01    0.41054E-01
    0.92967E+01    0.38964E-01
    0.94845E+01    0.36979E-01
    0.96761E+01    0.35094E-01
    0.98716E+01    0.33303E-01
    0.10071E+02    0.31604E-01
    0.10274E+02    0.29990E-01
    0.10482E+02    0.28457E-01
    0.10694E+02    0.27002E-01
    0.10910E+02    0.25620E-01
    0.11130E+02    0.24309E-01
    0.11355E+02    0.23063E-01
    0.11584E+02    0.21881E-01
    0.11818E+02    0.20759E-01
    0.12057E+02    0.19694E-01
    0.12301E+02    0.18682E-01
    0.12549E+02    0.17722E-01
    0.12803E+02    0.16811E-01
    0.13061E+02    0.15947E-01
    0.13325E+02    0.15126E-01
    0.13594E+02    0.14347E-01
    0.13869E+02    0.13608E-01
    0.14149E+02    0.12906E-01
    0.14435E+02    0.12241E-01
    0.14727E+02    0.11609E-01
    0.15024E+02    0.11009E-01
    0.15328E+02    0.10441E-01
    0.15637E+02    0.99009E-02
    0.15953E+02    0.93888E-02
    0.16275E+02    0.89030E-02
    0.16604E+02    0.84420E-02
    0.16940E+02    0.80047E-02
    0.17282E+02    0.75899E-02
    0.17631E+02    0.71963E-02
    0.17987E+02    0.68229E-02
    0.18351E+02    0.64688E-02
    0.18721E+02    0.61328E-02
    0.19099E+02    0.58142E-02
    0.19485E+02    0.55119E-02
    0.19879E+02    0.52252E-02
    0.20280E+02    0.49533E-02
    0.20690E+02    0.46954E-02
    0.21108E+02    0.44508E-02
    0.21535E+02    0.42189E-02
    0.21970E+02    0.39989E-02
    0.22413E+02    0.37903E-02
    0.22866E+02    0.35925E-02
    0.23328E+02    0.34049E-02
    0.23799E+02    0.32270E-02
    0.24280E+02    0.30584E-02
    0.24771E+02    0.28985E-02
    0.25271E+02    0.27468E-02
    0.25782E+02    0.26031E-02
    0.26302E+02    0.24668E-02
    0.26834E+02    0.23376E-02
    0.27376E+02    0.22150E-02
    0.27929E+02    0.20989E-02
    0.28493E+02    0.19888E-02
    0.29069E+02    0.18844E-02
    0.29656E+02    0.17855E-02
    0.30255E+02    0.16917E-02
    0.30866E+02    0.16028E-02
    0.31490E+02    0.15185E-02
    0.32126E+02    0.14386E-02
    0.32775E+02    0.13629E-02
    0.33437E+02    0.12912E-02
    0.34112E+02    0.12232E-02
    0.34801E+02    0.11587E-02
    0.35504E+02    0.10976E-02
    0.36222E+02    0.10398E-02
    0.36953E+02    0.98489E-03
    0.37700E+02    0.93290E-03
    0.38462E+02    0.88364E-03
    0.39239E+02    0.83695E-03
    0.40031E+02    0.79271E-03
    0.40840E+02    0.75079E-03
    0.41665E+02    0.71108E-03
    0.42507E+02    0.67344E-03
    0.43365E+02    0.63778E-03
    0.44241E+02    0.60400E-03
    0.45135E+02    0.57199E-03
    0.46047E+02    0.54166E-03
    0.46977E+02    0.51293E-03
    0.47926E+02    0.48571E-03
    0.48894E+02    0.45992E-03
    0.49882E+02    0.43550E-03
    0.50890E+02    0.41235E-03
    0.51918E+02    0.39043E-03
    0.52966E+02    0.36967E-03
    0.54036E+02    0.35000E-03
    0.55128E+02    0.33137E-03
    0.56242E+02    0.31372E-03
    0.57378E+02    0.29700E-03
    0.58537E+02    0.28117E-03
    0.59720E+02    0.26617E-03
    0.60926E+02    0.25197E-03
    0.62157E+02    0.23852E-03
    0.63412E+02    0.22578E-03
    0.64693E+02    0.21372E-03
    0.66000E+02    0.20229E-03
    0.67334E+02    0.19147E-03
    0.68694E+02    0.18123E-03
    0.70082E+02    0.17152E-03
    0.71497E+02    0.16234E-03
    0.72942E+02    0.15364E-03
    0.74415E+02    0.14540E-03
    0.75918E+02    0.13760E-03
    0.77452E+02    0.13021E-03
    0.79017E+02    0.12322E-03
    0.80613E+02    0.11660E-03
    0.82241E+02    0.11033E-03
    0.83903E+02    0.10439E-03
    0.85598E+02    0.98774E-04
    0.87327E+02    0.93455E-04
    0.89091E+02    0.88419E-04
    0.90891E+02    0.83652E-04
    0.92727E+02    0.79139E-04
    0.94600E+02    0.74867E-04
    0.96511E+02    0.70823E-04
    0.98461E+02    0.66995E-04
    0.10045E+03    0.63370E-04
    0.10248E+03    0.59939E-04
    0.10455E+03    0.56693E-04
    0.10666E+03    0.53621E-04
